
  Chem3D Core 20.012082015273D

135137  0  0  0  0  0  0  0  0999 V2000
    0.0680   -6.0291    3.5417 N   0  0  0  0  0  0  0  0  0  0  0  0
    0.2867   -4.5799    3.5116 C   0  0  0  0  0  0  0  0  0  0  0  0
   -1.0107   -3.7315    3.3689 C   0  0  0  0  0  0  0  0  0  0  0  0
   -2.0570   -4.1706    2.9280 O   0  0  0  0  0  0  0  0  0  0  0  0
    1.4061   -4.2292    2.4913 C   0  0  0  0  0  0  0  0  0  0  0  0
    1.1098   -4.4688    0.7968 S   0  0  0  0  0  0  0  0  0  0  0  0
   -0.4286   -6.3517    2.7264 H   0  0  0  0  0  0  0  0  0  0  0  0
   -0.5083   -6.2796    4.3400 H   0  0  0  0  0  0  0  0  0  0  0  0
    0.7234   -4.3271    4.5259 H   0  0  0  0  0  0  0  0  0  0  0  0
    2.2876   -4.8721    2.6992 H   0  0  0  0  0  0  0  0  0  0  0  0
    1.7226   -3.1892    2.6647 H   0  0  0  0  0  0  0  0  0  0  0  0
   -0.9778   -2.4295    3.8800 N   0  0  0  0  0  0  0  0  0  0  0  0
   -1.9557   -1.3542    3.7639 C   0  0  0  0  0  0  0  0  0  0  0  0
   -1.5006   -0.3845    2.6324 C   0  0  0  0  0  0  0  0  0  0  0  0
   -0.4226   -0.5278    2.0502 O   0  0  0  0  0  0  0  0  0  0  0  0
   -2.1508   -0.6530    5.1470 C   0  0  0  0  0  0  0  0  0  0  0  0
   -2.1600   -1.5737    6.3526 C   0  0  0  0  0  0  0  0  0  0  0  0
   -3.2244   -2.4737    6.5784 C   0  0  0  0  0  0  0  0  0  0  0  0
   -1.0251   -1.6617    7.1851 C   0  0  0  0  0  0  0  0  0  0  0  0
   -3.1753   -3.4340    7.6057 C   0  0  0  0  0  0  0  0  0  0  0  0
   -0.9498   -2.6120    8.2196 C   0  0  0  0  0  0  0  0  0  0  0  0
   -2.0167   -3.5197    8.4312 C   0  0  0  0  0  0  0  0  0  0  0  0
   -2.0118   -4.4729    9.3836 O   0  0  0  0  0  0  0  0  0  0  0  0
   -0.0681   -2.1078    4.1935 H   0  0  0  0  0  0  0  0  0  0  0  0
   -2.9436   -1.7839    3.4483 H   0  0  0  0  0  0  0  0  0  0  0  0
   -1.3722    0.1312    5.2862 H   0  0  0  0  0  0  0  0  0  0  0  0
   -3.1216   -0.1015    5.1240 H   0  0  0  0  0  0  0  0  0  0  0  0
   -4.1172   -2.4351    5.9474 H   0  0  0  0  0  0  0  0  0  0  0  0
   -0.2159   -0.9352    7.1025 H   0  0  0  0  0  0  0  0  0  0  0  0
   -4.0234   -4.0899    7.7526 H   0  0  0  0  0  0  0  0  0  0  0  0
   -0.0876   -2.5946    8.8907 H   0  0  0  0  0  0  0  0  0  0  0  0
   -1.1979   -4.5168    9.8592 H   0  0  0  0  0  0  0  0  0  0  0  0
   -2.2959    0.7214    2.2620 N   0  0  0  0  0  0  0  0  0  0  0  0
   -2.0466    1.5840    1.0998 C   0  0  0  0  0  0  0  0  0  0  0  0
   -1.0105    2.7197    1.3972 C   0  0  0  0  0  0  0  0  0  0  0  0
   -0.7817    3.6098    0.5719 O   0  0  0  0  0  0  0  0  0  0  0  0
   -3.4116    2.0499    0.4603 C   0  0  0  0  0  0  0  0  0  0  0  0
   -3.3441    2.3372   -1.0709 C   0  0  0  0  0  0  0  0  0  0  0  0
   -4.1073    3.2160    1.1931 C   0  0  0  0  0  0  0  0  0  0  0  0
   -3.1334    1.1356   -1.9998 C   0  0  0  0  0  0  0  0  0  0  0  0
   -3.1851    0.8108    2.7082 H   0  0  0  0  0  0  0  0  0  0  0  0
   -1.5283    0.9697    0.3155 H   0  0  0  0  0  0  0  0  0  0  0  0
   -4.1084    1.1744    0.5576 H   0  0  0  0  0  0  0  0  0  0  0  0
   -4.3125    2.8070   -1.3683 H   0  0  0  0  0  0  0  0  0  0  0  0
   -2.5672    3.0986   -1.2978 H   0  0  0  0  0  0  0  0  0  0  0  0
   -5.1321    3.3666    0.7938 H   0  0  0  0  0  0  0  0  0  0  0  0
   -3.5677    4.1766    1.0820 H   0  0  0  0  0  0  0  0  0  0  0  0
   -4.2185    3.0105    2.2765 H   0  0  0  0  0  0  0  0  0  0  0  0
   -3.3207    1.4447   -3.0492 H   0  0  0  0  0  0  0  0  0  0  0  0
   -3.8277    0.3024   -1.7733 H   0  0  0  0  0  0  0  0  0  0  0  0
   -2.0999    0.7413   -1.9508 H   0  0  0  0  0  0  0  0  0  0  0  0
   -0.2158    2.6802    2.5589 N   0  0  0  0  0  0  0  0  0  0  0  0
    0.9192    3.5310    2.9035 C   0  0  0  0  0  0  0  0  0  0  0  0
    2.3074    2.8230    2.7073 C   0  0  0  0  0  0  0  0  0  0  0  0
    3.3130    3.4763    2.4659 O   0  0  0  0  0  0  0  0  0  0  0  0
    0.8112    4.0846    4.3612 C   0  0  0  0  0  0  0  0  0  0  0  0
   -0.3873    5.0049    4.6752 C   0  0  0  0  0  0  0  0  0  0  0  0
   -1.7453    4.3396    4.9253 C   0  0  0  0  0  0  0  0  0  0  0  0
   -1.9096    3.2172    5.4044 O   0  0  0  0  0  0  0  0  0  0  0  0
   -2.8857    5.0615    4.5218 N   0  0  0  0  0  0  0  0  0  0  0  0
   -0.4545    2.0182    3.2638 H   0  0  0  0  0  0  0  0  0  0  0  0
    0.9468    4.4151    2.2170 H   0  0  0  0  0  0  0  0  0  0  0  0
    0.8605    3.2550    5.1008 H   0  0  0  0  0  0  0  0  0  0  0  0
    1.7249    4.7013    4.5444 H   0  0  0  0  0  0  0  0  0  0  0  0
   -0.1497    5.5671    5.6020 H   0  0  0  0  0  0  0  0  0  0  0  0
   -0.4813    5.7618    3.8621 H   0  0  0  0  0  0  0  0  0  0  0  0
   -3.7842    4.7463    4.8951 H   0  0  0  0  0  0  0  0  0  0  0  0
   -2.8493    6.0707    4.6078 H   0  0  0  0  0  0  0  0  0  0  0  0
    2.4153    1.4178    2.7880 N   0  0  0  0  0  0  0  0  0  0  0  0
    3.6466    0.6264    2.7647 C   0  0  0  0  0  0  0  0  0  0  0  0
    3.5544   -0.6043    1.8032 C   0  0  0  0  0  0  0  0  0  0  0  0
    4.3632   -1.5317    1.8814 O   0  0  0  0  0  0  0  0  0  0  0  0
    4.1500    0.2591    4.2035 C   0  0  0  0  0  0  0  0  0  0  0  0
    3.1880   -0.5061    5.1153 C   0  0  0  0  0  0  0  0  0  0  0  0
    2.1552   -0.0084    5.5787 O   0  0  0  0  0  0  0  0  0  0  0  0
    3.5117   -1.7932    5.5015 N   0  0  0  0  0  0  0  0  0  0  0  0
    1.6332    0.9346    3.1795 H   0  0  0  0  0  0  0  0  0  0  0  0
    4.4743    1.2393    2.3136 H   0  0  0  0  0  0  0  0  0  0  0  0
    5.1142   -0.2888    4.1084 H   0  0  0  0  0  0  0  0  0  0  0  0
    4.4139    1.2105    4.7266 H   0  0  0  0  0  0  0  0  0  0  0  0
    2.9540   -2.3084    6.1497 H   0  0  0  0  0  0  0  0  0  0  0  0
    4.3252   -2.2483    5.2175 H   0  0  0  0  0  0  0  0  0  0  0  0
    2.5823   -0.6365    0.7908 N   0  0  0  0  0  0  0  0  0  0  0  0
    2.5376   -1.5213   -0.3765 C   0  0  0  0  0  0  0  0  0  0  0  0
    3.3960   -0.8679   -1.5156 C   0  0  0  0  0  0  0  0  0  0  0  0
    4.1232    0.0912   -1.2964 O   0  0  0  0  0  0  0  0  0  0  0  0
    1.0624   -1.8124   -0.7702 C   0  0  0  0  0  0  0  0  0  0  0  0
    0.1054   -2.9681    0.1101 S   0  0  0  0  0  0  0  0  0  0  0  0
    1.9841    0.1625    0.7116 H   0  0  0  0  0  0  0  0  0  0  0  0
    3.0369   -2.4943   -0.1304 H   0  0  0  0  0  0  0  0  0  0  0  0
    1.0004   -2.1431   -1.8278 H   0  0  0  0  0  0  0  0  0  0  0  0
    0.4517   -0.8831   -0.7204 H   0  0  0  0  0  0  0  0  0  0  0  0
    3.2719   -1.3569   -2.8615 N   0  0  0  0  0  0  0  0  0  0  0  0
    3.8521   -0.5738   -3.9964 C   0  0  0  0  0  0  0  0  0  0  0  0
    2.9713    0.6072   -4.5084 C   0  0  0  0  0  0  0  0  0  0  0  0
    3.3290    1.2139   -5.5158 O   0  0  0  0  0  0  0  0  0  0  0  0
    4.0954   -1.6340   -5.1206 C   0  0  0  0  0  0  0  0  0  0  0  0
    4.1003   -3.0087   -4.4412 C   0  0  0  0  0  0  0  0  0  0  0  0
    3.3265   -2.8127   -3.1256 C   0  0  0  0  0  0  0  0  0  0  0  0
    4.8238   -0.1246   -3.7206 H   0  0  0  0  0  0  0  0  0  0  0  0
    3.3497   -1.6014   -5.9338 H   0  0  0  0  0  0  0  0  0  0  0  0
    5.0919   -1.4289   -5.5942 H   0  0  0  0  0  0  0  0  0  0  0  0
    3.6105   -3.7769   -5.0786 H   0  0  0  0  0  0  0  0  0  0  0  0
    5.1321   -3.3705   -4.2477 H   0  0  0  0  0  0  0  0  0  0  0  0
    2.2888   -3.2139   -3.2193 H   0  0  0  0  0  0  0  0  0  0  0  0
    3.8228   -3.3723   -2.2909 H   0  0  0  0  0  0  0  0  0  0  0  0
    1.8011    1.0158   -3.8396 N   0  0  0  0  0  0  0  0  0  0  0  0
    0.9260    2.1750   -4.0842 C   0  0  0  0  0  0  0  0  0  0  0  0
    0.0777    1.8841   -5.3589 C   0  0  0  0  0  0  0  0  0  0  0  0
   -1.0634    1.3856   -5.2613 O   0  0  0  0  0  0  0  0  0  0  0  0
    1.5950    3.5840   -4.0260 C   0  0  0  0  0  0  0  0  0  0  0  0
    1.5526    4.3257   -2.6567 C   0  0  0  0  0  0  0  0  0  0  0  0
    2.3479    3.6395   -1.5302 C   0  0  0  0  0  0  0  0  0  0  0  0
    1.9667    5.8034   -2.8055 C   0  0  0  0  0  0  0  0  0  0  0  0
    1.5464    0.5239   -3.0685 H   0  0  0  0  0  0  0  0  0  0  0  0
    0.1809    2.1580   -3.2400 H   0  0  0  0  0  0  0  0  0  0  0  0
    2.6476    3.5504   -4.3777 H   0  0  0  0  0  0  0  0  0  0  0  0
    1.0567    4.2381   -4.7530 H   0  0  0  0  0  0  0  0  0  0  0  0
    0.4766    4.3380   -2.3217 H   0  0  0  0  0  0  0  0  0  0  0  0
    2.4135    4.2810   -0.6336 H   0  0  0  0  0  0  0  0  0  0  0  0
    3.4141    3.4269   -1.8536 H   0  0  0  0  0  0  0  0  0  0  0  0
    1.8976    2.6811   -1.2323 H   0  0  0  0  0  0  0  0  0  0  0  0
    1.8211    6.3517   -1.8515 H   0  0  0  0  0  0  0  0  0  0  0  0
    1.3456    6.3228   -3.5651 H   0  0  0  0  0  0  0  0  0  0  0  0
    3.0273    5.9140   -3.1036 H   0  0  0  0  0  0  0  0  0  0  0  0
    0.5454    2.2079   -6.6350 N   0  0  0  0  0  0  0  0  0  0  0  0
   -0.1085    1.9771   -7.9132 C   0  0  0  0  0  0  0  0  0  0  0  0
    0.2270    0.6535   -8.6174 C   0  0  0  0  0  0  0  0  0  0  0  0
    0.1352    0.5819   -9.8592 O   0  0  0  0  0  0  0  0  0  0  0  0
    1.4642    2.6384   -6.7176 H   0  0  0  0  0  0  0  0  0  0  0  0
   -1.2222    2.0152   -7.7948 H   0  0  0  0  0  0  0  0  0  0  0  0
    0.1513    2.8330   -8.5860 H   0  0  0  0  0  0  0  0  0  0  0  0
    0.6777   -0.4552   -7.9183 N   0  0  0  0  0  0  0  0  0  0  0  0
    0.7450   -0.4638   -6.9135 H   0  0  0  0  0  0  0  0  0  0  0  0
    0.8799   -1.3018   -8.3785 H   0  0  0  0  0  0  0  0  0  0  0  0
  1  2  1  0      
  1  7  1  0      
  1  8  1  0      
  2  3  1  0      
  2  5  1  0      
  2  9  1  0      
  3  4  2  0      
  3 12  1  0      
  6  5  1  0      
  5 10  1  0      
  5 11  1  0      
  6 88  1  0      
 12 13  1  0      
 12 24  1  0      
 13 14  1  0      
 13 16  1  0      
 13 25  1  0      
 14 15  2  0      
 14 33  1  0      
 16 17  1  0      
 16 26  1  0      
 16 27  1  0      
 17 18  1  0      
 17 19  2  0      
 18 20  2  0      
 18 28  1  0      
 19 21  1  0      
 19 29  1  0      
 20 22  1  0      
 20 30  1  0      
 21 22  2  0      
 21 31  1  0      
 22 23  1  0      
 23 32  1  0      
 33 34  1  0      
 33 41  1  0      
 34 35  1  0      
 34 37  1  0      
 34 42  1  0      
 35 36  2  0      
 35 52  1  0      
 37 38  1  0      
 37 39  1  0      
 37 43  1  0      
 38 40  1  0      
 38 44  1  0      
 38 45  1  0      
 39 46  1  0      
 39 47  1  0      
 39 48  1  0      
 40 49  1  0      
 40 50  1  0      
 40 51  1  0      
 52 53  1  0      
 52 61  1  0      
 53 54  1  0      
 53 56  1  0      
 53 62  1  0      
 54 55  2  0      
 54 69  1  0      
 56 57  1  0      
 56 63  1  0      
 56 64  1  0      
 57 58  1  0      
 57 65  1  0      
 57 66  1  0      
 58 59  2  0      
 58 60  1  0      
 60 67  1  0      
 60 68  1  0      
 69 70  1  0      
 69 77  1  0      
 70 71  1  0      
 70 73  1  0      
 70 78  1  0      
 71 72  2  0      
 71 83  1  0      
 73 74  1  0      
 73 79  1  0      
 73 80  1  0      
 74 75  2  0      
 74 76  1  0      
 76 81  1  0      
 76 82  1  0      
 83 84  1  0      
 83 89  1  0      
 84 85  1  0      
 84 87  1  0      
 84 90  1  0      
 85 86  2  0      
 85 93  1  0      
 88 87  1  0      
 87 91  1  0      
 87 92  1  0      
 93 94  1  0      
 99 93  1  0      
 94 95  1  0      
 94 97  1  0      
 94100  1  0      
 95 96  2  0      
 95107  1  0      
 97 98  1  0      
 97101  1  0      
 97102  1  0      
 98 99  1  0      
 98103  1  0      
 98104  1  0      
 99105  1  0      
 99106  1  0      
107108  1  0      
107115  1  0      
108109  1  0      
108111  1  0      
108116  1  0      
109110  2  0      
109126  1  0      
111112  1  0      
111117  1  0      
111118  1  0      
112113  1  0      
112114  1  0      
112119  1  0      
113120  1  0      
113121  1  0      
113122  1  0      
114123  1  0      
114124  1  0      
114125  1  0      
126127  1  0      
126130  1  0      
127128  1  0      
127131  1  0      
127132  1  0      
128129  2  0      
128133  1  0      
133134  1  0      
133135  1  0      
M  END
